15  10                              
61  0   69  2   22  39  42  2   0   59
71  10  11  45  73  18  88  62  16  14
13  0   98  48  93  0   72  79  1   74
71  57  54  0   18  8   31  74  62  90
82  0   34  75  4   54  58  35  92  73
4   86  43  37  11  34  71  92  23  0
60  73  0   58  43  64  88  60  88  99
13  49  81  23  14  36  96  35  18  81
73  31  0   18  27  11  29  43  13  20
27  1   24  25  12  77  16  0   42  0
22  77  40  63  20  68  33  9   76  41
11  21  0   39  9   56  84  37  84  39
45  21  19  40  60  49  96  33  52  34
15  83  26  0   88  65  90  29  19  42
0   46  35  50  4   8   42  9   63  31
